poses:
- id: 0
  ee_pos: [0.7904, -0.04371, 0.48065]
  ee_euler_deg: [50.237, 3.073, 85.0]
  ee_quat_wxyz: [0.675003, 0.296454, 0.304583, 0.603088]
  qpos: [0.012076, 0.973771, 3.231061, -1.483252, -0.032022, 1.576768, 1.57079]
- id: 1
  ee_pos: [0.74839, 0.04213, 0.40106]
  ee_euler_deg: [92.693, -0.405, 90.03]
  ee_quat_wxyz: [0.48617, 0.513202, 0.510018, 0.490045]
  qpos: [0.470297, 0.738245, 5.311676, 1.821218, 2.73831, 0.927382, -3.861883]
- id: 0
  ee_pos: [0.60667, 0.00135, 0.43372]
  ee_euler_deg: [90.0, 0.0, 90.0]
  ee_quat_wxyz: [0.5, 0.5, 0.5, 0.5]
  qpos: [0.0, 0.261799, 3.141593, -2.268928, 0.0, 0.959931, 1.570796]
  cb_origin_pos: [0.576665, 0.00135, 0.433724]
  cb_origin_quat_wxyz: [0.707107, -0.0, 0.707107, 0.0]
  checkerboard: {cols: 9, rows: 6, square_mm: 25.0}
